11
0.0 3934.733 16.126 2844.921 757.428 4293.02 3099.293 1361.278 4727.601 3491.683 4601.498 
3937.423 0.0 3924.002 1449.256 3799.495 370.479 2174.115 3798.871 1029.934 469.259 1904.772 
15.891 3925.499 0.0 2835.687 747.614 4283.786 3089.479 1352.044 4718.367 3482.448 4591.684 
2849.498 1449.371 2836.077 0.0 2530.291 1807.659 1220.824 2887.404 2114.666 1016.918 2183.209 
755.093 3798.965 745.388 2529.0 0.0 4157.252 2412.362 2026.754 4448.986 3355.914 3914.567 
4294.125 369.555 4280.704 1805.958 4156.198 0.0 2503.314 4155.573 792.397 825.961 2097.754 
3095.879 2173.357 3086.174 1219.859 2410.709 2503.824 0.0 3804.239 2616.982 1774.451 1541.897 
1366.029 3806.351 1352.608 2882.667 2029.952 4164.638 3805.196 0.0 4599.219 3331.455 4941.183 
4730.941 1030.853 4717.52 2109.854 4447.801 793.426 2614.086 4592.389 0.0 1261.305 1777.947 
3500.97 469.056 3487.55 1016.834 3363.043 827.343 1774.247 3322.754 1259.946 0.0 1841.969 
4598.634 1905.504 4588.929 2185.407 3913.465 2100.32 1542.536 4936.265 1766.844 1844.757 0.0 
